20
1
13 18 6 17 18 24 40 57 15 35 41 21 51 83 56 34 75 72 71 21
0 17 0 0 1 17 15 32 12 28 12 19 20 27 7 33 14 54 45 13
2 1 1 1 2 1 1 2 2 2 1 1 2 2 2 1 1 1 1
16
7
87 99 84 52 38 14 98 36 57 11 7 57 91 73 78 49
62 47 81 35 5 3 23 26 47 0 2 42 15 9 23 36
1 1 1 1 1 1 2 1 2 1 1 2 2 1 2
2
14
97 34
5 8
1
20
6
81 54 11 68 7 85 100 27 5 72 80 92 81 98 53 90 56 81 2 57
71 47 9 44 2 42 98 3 3 30 52 11 4 85 32 37 29 0 2 26
2 2 2 1 2 1 2 2 1 2 1 2 1 2 1 1 1 2 1
13
15
0 56 88 88 95 52 76 26 48 8 13 44 88
0 39 25 76 46 9 12 4 20 0 6 5 42
2 1 2 2 1 2 1 1 1 1 2 1
22
16
59 54 71 75 3 78 52 93 55 4 8 7 24 16 0 32 39 59 89 5 50 51
0 38 4 34 0 44 16 78 28 0 8 2 15 4 0 10 7 37 29 3 8 14
2 2 1 2 2 1 1 2 1 1 1 2 2 2 2 2 1 1 1 2 2
4
11
43 26 12 43
27 12 1 38
1 2 2
15
1
82 36 7 58 75 63 64 38 99 35 77 78 63 57 46
72 4 7 58 54 48 59 22 72 25 20 34 63 9 46
1 1 2 2 2 1 2 1 2 1 2 1 2 2
24
12
53 91 48 91 56 69 18 42 22 78 95 42 93 76 26 53 23 91 47 49 87 24 52 39
46 43 12 59 9 30 8 12 19 43 13 42 3 7 20 44 1 37 16 40 68 16 28 20
2 2 1 1 1 1 2 1 2 1 1 1 1 2 1 2 1 1 1 1 2 2 1
6
12
78 35 43 93 64 13
56 7 37 40 54 8
1 1 2 1 1
16
6
49 67 72 69 100 76 3 79 52 6 82 71 50 19 67 14
3 50 5 42 10 14 0 18 31 2 45 40 6 0 67 5
2 2 1 1 2 2 1 1 1 1 2 2 1 2 1
24
1
33 95 94 18 23 96 38 16 94 12 34 1 54 80 52 96 55 100 11 3 0 17 1 12
4 76 80 18 5 26 3 8 45 11 15 1 21 60 37 13 37 31 8 2 0 13 1 2
1 1 1 1 2 1 1 2 1 1 1 2 2 1 2 1 1 1 2 1 2 1 2
2
11
84 60
5 24
2
20
3
3 14 84 84 68 69 47 9 86 75 87 17 29 75 75 77 89 36 32 89
1 0 47 40 46 52 45 5 81 56 7 16 5 42 20 74 45 2 0 51
1 2 1 2 2 2 1 1 1 1 1 2 2 2 1 1 2 1 1
13
14
73 60 30 51 5 96 66 11 9 81 39 14 85
13 3 15 42 4 53 56 3 9 72 4 2 23
1 1 1 2 2 2 2 2 1 2 1 1
13
4
8 70 49 41 64 16 0 23 5 84 80 48 10
6 57 2 19 24 3 0 20 2 45 31 5 5
1 1 2 1 1 2 1 2 1 2 2 2
8
15
18 80 47 39 10 78 19 2
6 77 45 14 5 50 17 0
1 2 1 2 1 1 1
11
5
1 6 84 76 97 51 86 19 13 47 96
1 1 21 2 92 17 52 12 6 12 15
2 1 1 2 1 2 2 2 1 2
9
12
47 47 33 74 90 21 50 90 54
30 6 30 15 85 1 7 67 33
2 1 1 1 2 2 1 1
7
8
87 10 87 28 6 66 16
16 5 30 13 3 29 10
1 2 2 2 1 2
0
